4.858300359052325490e-01 -7.954080595788473040e-01
5.000776843079828282e-01 -5.551158004761956866e-01
1.994281337684435385e-01 -6.852185825708758671e-01
-7.241605740982954842e-01 5.130442987022363344e-01
-5.070412775834568508e-01 7.323091555588393531e-01
-7.789312672259697257e-01 7.819013613846490518e-01
6.666666666666667407e-01 1.000000000000000000e+00
3.333333333333333703e-01 1.000000000000000000e+00
5.007064992570410267e-01 7.430869629097364149e-01
1.706318399976202438e-01 7.249751272698339299e-01
-1.691648898818700897e-01 7.124060105498496442e-01
1.626068387282219099e-02 4.354853097412967888e-01
-3.699368587859036550e-01 3.883240975437445841e-01
-6.966204634204524737e-01 1.760377420338588850e-01
6.666666666666665186e-01 -1.000000000000000000e+00
1.000000000000000000e+00 -1.000000000000000000e+00
7.338437435504444606e-01 -7.427892487664635723e-01
-3.546556079771563397e-01 -2.759055971390380613e-01
-1.632546023265692425e-01 -1.249309642378058499e-01
-3.966607017394059298e-01 1.836273788357203895e-02
-5.833157939059233771e-02 -3.954166544224370639e-01
2.906572665397866295e-01 -3.488659167708333952e-01
-6.666666666666667407e-01 -1.000000000000000000e+00
-3.333333333333333703e-01 -1.000000000000000000e+00
-5.021297882087293329e-01 -7.126380077781405697e-01
-1.000000000000000000e+00 0.000000000000000000e+00
-1.000000000000000000e+00 -3.333333333333332593e-01
-6.729203758438627725e-01 -1.977009126743564660e-01
0.000000000000000000e+00 -1.000000000000000000e+00
-1.666148558763552445e-01 -7.191567808665725314e-01
7.831192170053649093e-01 7.869784042768471766e-01
8.333333333333333703e-01 1.000000000000000000e+00
1.000000000000000000e+00 -3.333333333333333703e-01
1.000000000000000000e+00 0.000000000000000000e+00
7.468057459019408206e-01 -1.680226003081590758e-01
-1.000000000000000000e+00 6.666666666666667407e-01
-1.000000000000000000e+00 3.333333333333333703e-01
7.545157553341343970e-01 -4.604359271674570153e-01
4.467353443727873352e-01 -5.168477672060552836e-02
7.316495131589438872e-01 1.403659557301637495e-01
4.903048070292525540e-01 2.446539690450441618e-01
1.000000000000000000e+00 -6.666666666666667407e-01
-7.903698306271715879e-01 -7.897330135368582082e-01
-8.333333333333333703e-01 -1.000000000000000000e+00
-1.000000000000000000e+00 1.000000000000000000e+00
-6.666666666666665186e-01 1.000000000000000000e+00
3.333333333333332593e-01 -1.000000000000000000e+00
-1.009552940877247312e-01 1.324671844736614312e-01
2.160961512175116062e-01 1.869934524119749308e-01
0.000000000000000000e+00 1.000000000000000000e+00
-7.466678535958920504e-01 -5.247637116563744764e-01
-5.181224181515869942e-01 -4.441444293205984439e-01
-1.000000000000000000e+00 -6.666666666666665186e-01
-1.000000000000000000e+00 -8.333333333333332593e-01
1.000000000000000000e+00 3.333333333333332593e-01
1.000000000000000000e+00 6.666666666666665186e-01
1.000000000000000000e+00 8.333333333333332593e-01
5.488572968660920814e-01 -3.117618248727299646e-01
6.923419450337983116e-01 4.813493178515783066e-01
-3.333333333333332593e-01 1.000000000000000000e+00
3.498623766338448404e-01 4.668658989043067975e-01
-3.158200941739281453e-01 -5.117733901153870280e-01
1.059364852566892501e-01 -9.843588121203901420e-02
1.000000000000000000e+00 1.000000000000000000e+00
-1.000000000000000000e+00 -1.000000000000000000e+00
